2.364838268095098561e-01 3.437951811972875804e-01 4.197209919932025080e-01
2.122227910591929778e-01 2.301075328780311791e-01 5.576696760627758431e-01
6.602153375862633844e-01 2.245347382413026283e-01 1.152499241724339457e-01
3.465010396882161059e-01 5.332089197908034262e-01 1.202900405209804818e-01
1.724146143114991259e-01 7.574679361940668543e-02 7.518385920690942026e-01
3.095108394905178306e-01 5.012557750363143549e-01 1.892333854731677867e-01
5.500670630757842350e-02 4.663977655719639959e-01 4.785955281204575806e-01
1.465564976855851520e-01 3.872455300255074895e-01 4.661979722889073585e-01
1.719042030529389642e-01 8.236829669269061238e-01 4.412830020154947554e-03
5.532220913819112518e-01 3.007249962456217673e-01 1.460529123724669531e-01
2.250968330666778261e-01 6.404072658874294943e-02 7.108624403445792383e-01
7.456319308108121380e-01 5.288520015731682650e-02 2.014828690318710980e-01
2.661791404028748254e-01 5.460331876015633856e-01 1.877876719955617890e-01
3.601923095341653669e-01 2.152463571869522030e-01 4.245613332788825134e-01
3.016635166547979585e-01 3.398161775103802906e-01 3.585203058348217509e-01
1.039576341669510018e-01 1.783372928096789434e-01 7.177050730233700548e-01
2.226273946985066754e-01 6.517860944659658040e-01 1.255865108355275483e-01
6.350184579847636401e-01 1.257301624178862876e-01 2.392513795973500723e-01
3.985851847984160923e-01 6.007452816422937936e-01 6.695335592901657633e-04
9.524342462677351517e-02 7.396564414079051519e-02 8.307909312324359696e-01
4.624154310778527677e-01 4.616391591520919713e-01 7.594540977005523330e-02
6.698158893173682404e-01 8.637077613347097019e-03 3.215470330692847267e-01
5.260044342686270857e-01 4.275797985862783701e-01 4.641576714509455803e-02
3.966551666533268961e-02 1.930787953875582330e-01 7.672556879471090774e-01
5.683165386742521363e-01 4.192838398025965363e-01 1.239962152315132911e-02
1.242971608045349008e-01 7.790630492974467414e-01 9.663978989801838559e-02
5.843074984082698986e-01 3.418387739835904715e-01 7.385372760813969928e-02
1.918542203706325167e-01 2.042593574460166150e-01 6.038864221833508683e-01
7.343415628284055696e-01 2.127076298209522320e-01 5.295080735064213590e-02
2.784677287851962668e-01 2.881182624874338571e-02 6.927204449660603336e-01
6.706997111712009740e-01 1.751157047574317116e-01 1.541845840713673976e-01
3.872372092847009561e-02 6.286598181139324559e-01 3.326164609575975040e-01
4.882753018494664365e-01 8.665749883488108041e-02 4.250671993156525663e-01
3.202586117179728742e-01 5.355651294348349190e-01 1.441762588471922069e-01
1.598990275301037656e-02 1.385558512099118733e-01 8.454542460370777501e-01
5.674604993168146372e-01 4.192220176705331869e-01 1.331748301265221757e-02
1.169711023024500030e-01 6.986014531045597886e-01 1.844274445929901807e-01
3.274213891466793425e-01 3.237888319340537779e-01 3.487897789192668241e-01
2.358773289976141552e-01 4.887174262899484090e-01 2.754052447124374359e-01
3.286140585653107293e-01 2.080243004387916650e-01 4.633616409958976612e-01
1.718981279471666346e-01 6.518942930852699158e-01 1.762075789675634774e-01
9.074200075850560321e-01 1.670084129021418354e-02 7.587915112472976009e-02
4.695793307426816554e-01 3.910344322799014227e-01 1.393862369774168941e-01
3.113638082645731053e-02 6.730993431995303533e-01 2.957642759740123362e-01
1.449463792724275391e-01 4.056295261182338296e-01 4.494240946093386313e-01
1.515215028515692897e-01 3.974014689990886806e-01 4.510770281493420297e-01
2.502718205380886074e-01 2.846364331115706081e-01 4.650917463503407845e-01
1.062177465447927682e-01 7.162936450619432627e-01 1.774886083932639413e-01
8.519874774457529831e-01 1.094436391053723451e-01 3.856888344887471343e-02
4.191721082334006754e-01 3.955514068185838061e-01 1.852764849480154630e-01
6.550496392526129474e-01 1.316304854733942042e-02 3.317873122000477015e-01
9.700322313860071377e-02 4.307442797329382178e-01 4.722524971284610684e-01
1.446591234045864760e-01 3.885072667132795643e-01 4.668336098821340152e-01
2.514292248503019467e-01 2.800657058232651764e-01 4.685050693264328769e-01
1.153301635535314285e-01 7.040977073608746251e-01 1.805721290855938910e-01
8.746482816246569092e-01 1.053113860349183112e-01 2.004033234042476921e-02
4.551822601385855371e-01 3.901869387880229079e-01 1.546308010733915272e-01
3.571623865251394303e-02 6.750624915411281846e-01 2.892212698063579279e-01
1.953650984522488088e-01 3.808483327525454820e-01 4.237865687952057092e-01
1.951725137144594280e-01 4.445041408426099183e-01 3.603233454429307092e-01
3.186064522417200173e-01 2.244294979271186374e-01 4.569640498311612897e-01
1.962627399016809715e-01 6.368283713229154763e-01 1.669088887754035522e-01
2.631901062326625490e-02 4.695225695698423268e-02 9.267287324197495124e-01
5.399868972798240740e-01 4.101513376010197387e-01 4.986176511915614562e-02
1.256164086041915429e-01 7.018282537695652579e-01 1.725553376262431993e-01
4.271252515810326500e-01 2.797813537617541702e-01 2.930933946572132354e-01
3.162264387515506536e-01 5.886616317829476142e-01 9.511192946550171834e-02
4.771062008768100493e-01 9.873058272270812674e-02 4.241632164004818240e-01
3.672381105980373484e-01 5.124472519065808029e-01 1.203146374953818348e-01
7.776262691140400918e-02 1.788625162940192803e-01 7.433748567945767105e-01
6.789563564919822714e-01 1.480449687407683068e-01 1.729986747672494218e-01
2.729526360914437122e-01 4.698731159412938146e-02 6.800600523144268994e-01
8.111044636840580857e-01 1.347063060653554967e-01 5.418923025058637599e-02
3.023316599404312077e-01 5.436030169132408663e-01 1.540653231463279538e-01
4.142204482173095226e-02 7.493266986730159340e-01 2.092512565052531415e-01
6.254517235272547548e-01 4.329876489875463669e-02 3.312495115739905738e-01
2.144600726735116369e-01 3.764068283664315784e-01 4.091330989600567847e-01
3.193118095067564166e-01 1.965578084895535094e-01 4.841303820036900740e-01
3.902822388537745546e-01 4.415174643454015113e-01 1.682002968008239618e-01
3.625275798071102562e-01 2.650070018069905498e-02 6.109717200121906888e-01
2.871653419728001366e-01 4.360215931866832650e-01 2.768130648405165983e-01
1.557343090698120602e-01 5.618576222961930988e-02 7.880799287005686438e-01
7.554448349162902199e-01 1.311280385634096268e-01 1.134271265203001949e-01
3.441585703718690326e-01 5.406181176458567383e-02 6.017796178635452797e-01
9.119843557742205453e-01 6.603474014569631068e-02 2.198090408008309196e-02
4.370192509674992731e-01 4.703680668240317608e-01 9.261268220846897992e-02
1.240755438688144752e-01 8.374391026306595709e-01 3.848535350052600251e-02
7.051386396989375305e-01 7.370400402608424939e-02 2.211573562749781785e-01
2.916382706380423739e-01 4.306069823934303153e-01 2.777547469685273107e-01
5.476198265594501846e-01 1.213746482445992314e-01 3.310055251959506117e-01
9.053174199501046182e-02 5.332210097739038535e-01 3.762472482310856292e-01
4.820407022853123724e-02 5.727762468812623853e-01 3.790196828902064330e-01
5.208477336498039678e-01 3.706987976777625926e-01 1.084534686724334396e-01
2.149989984726123904e-01 2.583011446881157136e-01 5.266998568392718960e-01
2.344381697744216675e-01 1.932726196576304289e-01 5.722892105679479036e-01
3.982996203717243944e-01 3.801170498032291345e-01 2.215833298250464711e-01
3.299561477358131656e-01 1.508222913857429175e-02 6.549616231256125687e-01
2.744037362747673292e-01 4.238511310445849389e-01 3.017451326806477874e-01
1.688961464077417540e-01 4.969103105278838139e-02 7.814128225394698646e-01
7.774815862279843559e-01 1.561884399712825111e-01 6.632997380073316074e-02
3.745679921295324566e-01 1.020052875773442280e-01 5.234267202931233154e-01
4.773004782312119387e-02 2.824854540477881801e-02 9.240214067720999847e-01
5.623045994106479206e-01 4.298836800766530630e-01 7.811720512699037167e-03
1.042004646168044335e-01 8.321407028788521121e-01 6.365883250434348217e-02
7.557680582257573221e-01 1.375631082680780770e-01 1.066688335061646703e-01
3.467308574585601377e-01 5.081554881940433255e-01 1.451136543473965368e-01
7.547498957564656719e-01 6.301691444912062290e-02 1.822331897944137191e-01
3.113034343216176114e-01 4.767189697851334507e-01 2.119775958932489379e-01
1.062611047454776747e-01 7.580150677245672819e-01 1.357238275299550156e-01
6.814555150051810894e-01 5.303454287086915159e-02 2.655099421239496826e-01
2.645046696286197374e-01 4.512142740591609247e-01 2.842810563122192824e-01
5.448280300219513483e-01 1.530898404592048456e-01 3.020821295188437783e-01
1.099987321534794393e-01 5.718011533855975603e-01 3.182001144609229448e-01
1.656389571217498080e-03 6.629215465279577613e-01 3.354220639008246851e-01
5.769663777524232096e-01 7.604161178712275093e-02 3.469920104604540811e-01
1.606366315773745113e-01 4.863936354584526001e-01 3.529697329641728887e-01
3.851517850062446402e-01 2.559837127137669088e-01 3.588645022799884510e-01
3.262441150169965720e-01 6.348727974485233183e-01 3.888308753448013744e-02
6.254565884399383435e-01 1.014962501545920021e-01 2.730471614054696405e-01
4.738531206665450579e-01 1.466859116490931425e-01 3.794609676843617718e-01
5.493057800674638891e-02 5.620926505655363670e-01 3.829767714277172441e-01
2.497118629596324912e-01 3.635504361818577279e-01 3.867377008585097808e-01
2.140654055027924052e-01 6.086600141190012803e-01 1.772745803782062868e-01
6.086600141190011692e-01 2.140654055027912117e-01 1.772745803782076746e-01
3.635504361818600039e-01 2.497118629596301043e-01 3.867377008585098919e-01
5.620926505655383654e-01 5.493057800674423091e-02 3.829767714277173551e-01
1.466859116490955017e-01 4.738531206665427264e-01 3.794609676843617718e-01
1.014962501545942919e-01 6.254565884399383435e-01 2.730471614054673646e-01
6.348727974485234293e-01 3.262441150169984594e-01 3.888308753447809740e-02
2.559837127137626900e-01 3.851517850062489701e-01 3.588645022799883400e-01
4.863936354584474375e-01 1.606366315773794518e-01 3.529697329641731107e-01
7.604161178712010027e-02 5.769663777524256520e-01 3.469920104604541922e-01
6.629215465279579833e-01 1.656389571219472629e-03 3.354220639008225757e-01
5.718011533855977824e-01 1.099987321534794810e-01 3.182001144609228338e-01
1.530898404592047068e-01 5.448280300219515704e-01 3.020821295188437228e-01
4.512142740591613688e-01 2.645046696286195154e-01 2.842810563122190604e-01
5.303454287086950547e-02 6.814555150051808674e-01 2.655099421239496271e-01
7.580150677245669488e-01 1.062611047454782159e-01 1.357238275299548214e-01
4.767189697851332841e-01 3.113034343216176669e-01 2.119775958932490212e-01
6.301691444912038698e-02 7.547498957564660049e-01 1.822331897944136636e-01
5.081554881940429924e-01 3.467308574585603598e-01 1.451136543473966478e-01
1.375631082680780493e-01 7.557680582257573221e-01 1.066688335061646564e-01
8.321407028788522231e-01 1.042004646168042947e-01 6.365883250434346829e-02
4.298836800766531185e-01 5.623045994106479206e-01 7.811720512698953900e-03
2.824854540477891862e-02 4.773004782312187388e-02 9.240214067720992075e-01
1.020052875773443390e-01 3.745679921295317905e-01 5.234267202931238705e-01
1.561884399712826221e-01 7.774815862279833567e-01 6.632997380073399341e-02
4.969103105278832588e-02 1.688961464077420316e-01 7.814128225394696425e-01
4.238511310445849389e-01 2.744037362747673292e-01 3.017451326806477319e-01
1.508222913857409919e-02 3.299561477358137762e-01 6.549616231256121246e-01
3.801170498032289680e-01 3.982996203717218964e-01 2.215833298250491079e-01
1.932726196576335931e-01 2.344381697744183923e-01 5.722892105679480146e-01
2.583011446881177120e-01 2.149989984726101977e-01 5.266998568392721181e-01
3.706987976777622595e-01 5.208477336498043009e-01 1.084534686724333979e-01
5.727762468812626073e-01 4.820407022853231277e-02 3.790196828902050452e-01
5.332210097739009669e-01 9.053174199501380637e-02 3.762472482310852406e-01
1.213746482445986485e-01 5.476198265594508507e-01 3.310055251959505007e-01
4.306069823934307594e-01 2.916382706380419298e-01 2.777547469685273662e-01
7.370400402608456858e-02 7.051386396989371974e-01 2.211573562749781785e-01
8.374391026306594599e-01 1.240755438688142948e-01 3.848535350052630089e-02
4.703680668240342588e-01 4.370192509674963310e-01 9.261268220846945176e-02
6.603474014570176465e-02 9.119843557742143281e-01 2.198090408008395238e-02
5.406181176458485504e-02 3.441585703718650913e-01 6.017796178635500537e-01
1.311280385634091550e-01 7.554448349162882215e-01 1.134271265203025680e-01
5.618576222961940703e-02 1.557343090698117272e-01 7.880799287005688658e-01
4.360215931866852079e-01 2.871653419727996370e-01 2.768130648405151550e-01
2.650070018070316280e-02 3.625275798071095901e-01 6.109717200121872471e-01
4.415174643454012893e-01 3.902822388537735554e-01 1.682002968008251553e-01
1.965578084895517885e-01 3.193118095067588036e-01 4.841303820036894079e-01
3.764068283664301906e-01 2.144600726735136909e-01 4.091330989600561741e-01
4.329876489875483792e-02 6.254517235272547548e-01 3.312495115739903517e-01
7.493266986730156010e-01 4.142204482173113961e-02 2.092512565052532247e-01
5.436030169132444190e-01 3.023316599404267668e-01 1.540653231463288420e-01
1.347063060653648225e-01 8.111044636840464284e-01 5.418923025058874215e-02
4.698731159412783409e-02 2.729526360914371619e-01 6.800600523144350040e-01
1.480449687407685566e-01 6.789563564919833816e-01 1.729986747672481173e-01
1.788625162940163382e-01 7.776262691140783945e-02 7.433748567945758223e-01
5.124472519065778053e-01 3.672381105980374594e-01 1.203146374953846798e-01
9.873058272270784919e-02 4.771062008768101048e-01 4.241632164004820460e-01
5.886616317829471701e-01 3.162264387515488773e-01 9.511192946550391103e-02
2.797813537617582225e-01 4.271252515810273764e-01 2.930933946572144011e-01
7.018282537695690326e-01 1.256164086041862138e-01 1.725553376262447258e-01
4.101513376010214040e-01 5.399868972798215205e-01 4.986176511915706155e-02
4.695225695698432289e-02 2.631901062326638674e-02 9.267287324197492904e-01
6.368283713229153653e-01 1.962627399016803886e-01 1.669088887754042183e-01
2.244294979271176937e-01 3.186064522417205169e-01 4.569640498311617338e-01
4.445041408426102514e-01 1.951725137144606215e-01 3.603233454429290439e-01
3.808483327525444828e-01 1.953650984522503908e-01 4.237865687952052096e-01
6.750624915411281846e-01 3.571623865251383201e-02 2.892212698063579834e-01
3.901869387880231299e-01 4.551822601385855371e-01 1.546308010733913607e-01
1.053113860349179642e-01 8.746482816246572423e-01 2.004033234042476228e-02
7.040977073608745140e-01 1.153301635535310815e-01 1.805721290855943628e-01
2.800657058232648988e-01 2.514292248503014471e-01 4.685050693264336541e-01
3.885072667132787316e-01 1.446591234045850605e-01 4.668336098821361246e-01
4.307442797329451567e-01 9.700322313859165158e-02 4.722524971284632334e-01
1.316304854734351437e-02 6.550496392526073963e-01 3.317873122000490893e-01
3.955514068185851939e-01 4.191721082333986215e-01 1.852764849480162124e-01
1.094436391053725810e-01 8.519874774457525390e-01 3.856888344887490772e-02
7.162936450619431517e-01 1.062177465447929764e-01 1.774886083932638581e-01
2.846364331115687207e-01 2.502718205380900507e-01 4.650917463503411731e-01
3.974014689990891247e-01 1.515215028515717599e-01 4.510770281493391431e-01
4.056295261182328860e-01 1.449463792724285105e-01 4.494240946093385758e-01
6.730993431995282439e-01 3.113638082646059957e-02 2.957642759740110594e-01
3.910344322799007566e-01 4.695793307426824326e-01 1.393862369774167553e-01
1.670084129021331965e-02 9.074200075850540337e-01 7.587915112473264667e-02
6.518942930852700268e-01 1.718981279471666346e-01 1.762075789675633108e-01
2.080243004387912209e-01 3.286140585653107293e-01 4.633616409958981053e-01
4.887174262899496302e-01 2.358773289976172360e-01 2.754052447124331615e-01
3.237888319340508358e-01 3.274213891466836168e-01 3.487897789192655473e-01
6.986014531045581233e-01 1.169711023024521679e-01 1.844274445929896256e-01
4.192220176705303558e-01 5.674604993168187450e-01 1.331748301265094775e-02
1.385558512099094031e-01 1.598990275301540379e-02 8.454542460370751966e-01
5.355651294348315883e-01 3.202586117179744840e-01 1.441762588471938999e-01
8.665749883488216287e-02 4.882753018494659925e-01 4.250671993156519002e-01
6.286598181139282371e-01 3.872372092847585490e-02 3.326164609575958386e-01
1.751157047574302128e-01 6.706997111712030835e-01 1.541845840713667593e-01
2.881182624874378817e-02 2.784677287851976546e-01 6.927204449660585572e-01
2.127076298209533700e-01 7.343415628284074570e-01 5.295080735063915911e-02
2.042593574460142003e-01 1.918542203706364857e-01 6.038864221833493140e-01
3.418387739835841987e-01 5.843074984082720080e-01 7.385372760814376547e-02
7.790630492974498500e-01 1.242971608045410209e-01 9.663978989800918462e-02
4.192838398025984237e-01 5.683165386742494718e-01 1.239962152315214269e-02
1.930787953875546525e-01 3.966551666532482784e-02 7.672556879471205127e-01
4.275797985862787032e-01 5.260044342686284180e-01 4.641576714509283719e-02
8.637077613344645854e-03 6.698158893173715711e-01 3.215470330692837830e-01
4.616391591520914717e-01 4.624154310778534893e-01 7.594540977005499738e-02
7.396564414079127847e-02 9.524342462677230781e-02 8.307909312324364137e-01
6.007452816422909070e-01 3.985851847984181462e-01 6.695335592908418718e-04
1.257301624178837063e-01 6.350184579847649724e-01 2.392513795973513491e-01
6.517860944659620293e-01 2.226273946985123653e-01 1.255865108355256055e-01
1.783372928096768062e-01 1.039576341669517096e-01 7.177050730233714981e-01
3.398161775103802906e-01 3.016635166547952940e-01 3.585203058348244154e-01
2.152463571869543957e-01 3.601923095341619252e-01 4.245613332788836791e-01
5.460331876015641628e-01 2.661791404028732710e-01 1.877876719955625662e-01
5.288520015731379420e-02 7.456319308108062538e-01 2.014828690318799242e-01
6.404072658874496171e-02 2.250968330666731354e-01 7.108624403445819029e-01
3.007249962456202130e-01 5.532220913819124730e-01 1.460529123724673417e-01
8.236829669269093435e-01 1.719042030529445986e-01 4.412830020146051892e-03
3.872455300255015498e-01 1.465564976855890655e-01 4.661979722889093569e-01
4.663977655719678816e-01 5.500670630758084517e-02 4.785955281204512524e-01
5.012557750363129117e-01 3.095108394905203286e-01 1.892333854731666765e-01
7.574679361941022426e-02 1.724146143114961283e-01 7.518385920690936475e-01
5.332089197908007616e-01 3.465010396882129418e-01 1.202900405209863105e-01
2.245347382413048765e-01 6.602153375862594986e-01 1.152499241724356666e-01
2.301075328780268214e-01 2.122227910591894529e-01 5.576696760627837257e-01
3.437951811972927985e-01 2.364838268095008911e-01 4.197209919932063382e-01
2.302120860730033636e-01 4.105720075713372719e-01 3.592159063556593646e-01
4.953605364563642977e-02 1.985345708176259050e-01 7.519293755367376653e-01
3.630802914097575051e-01 5.251604499523208069e-01 1.117592586379216463e-01
4.445711861165969059e-01 6.761569773398219685e-02 4.878131161494209111e-01
5.053923947027334496e-01 1.574965255268721276e-01 3.371110797703944506e-01
7.548919552298627433e-02 7.179346613496525586e-01 2.065761431273611670e-01
7.241576294097612498e-02 3.565552349727913461e-01 5.710290020862325289e-01
1.936686672075095261e-01 9.421201703890892676e-02 7.121193157535815610e-01
5.120560922428820660e-01 2.515146756845095255e-01 2.364292320726084085e-01
2.992399286939054215e-01 4.500219101205855110e-01 2.507381611855090120e-01
1.728714776710756074e-01 1.708731844392139265e-01 6.562553378897104661e-01
2.574837025858714989e-01 6.465406991600036735e-01 9.597559825412478596e-02
6.339210055442967562e-01 1.267654166757021528e-01 2.393135777800010910e-01
3.862865239064808831e-01 6.066591842615002284e-01 7.054291832018906756e-03
5.823342242026206816e-02 8.737010256402412411e-02 8.543964750157138077e-01
4.302604561944091133e-01 4.701790229731486193e-01 9.956052083244222584e-02
6.004729097809864413e-01 4.988415453986344561e-02 3.496429356791500576e-01
4.773341806683926714e-01 4.149237044471424940e-01 1.077421148844648485e-01
2.985592129855080268e-03 1.693493293471991235e-01 8.276650785229457963e-01
4.572049003443544035e-01 4.733925054417197908e-01 6.940259421392586114e-02
4.518575095043264600e-02 6.836409528346164555e-01 2.711732962149508430e-01
4.374728940319288495e-01 4.308210830500817656e-01 1.317060229179893294e-01
9.570677122016164884e-02 9.619677034695454931e-02 8.080964584328838018e-01
6.172745647596288299e-01 3.328311548747097115e-01 4.989428036566141006e-02
1.327812450132751509e-01 5.750803163215932878e-01 2.921384386651315057e-01
1.591777491273165257e-01 3.303865797738964050e-01 5.104356710987870693e-01
2.076481178964719176e-01 2.840905803077023450e-01 5.082613017958257373e-01
8.699846350686113450e-02 2.579941235539566780e-01 6.550074129391821876e-01
1.717807961880849499e-01 7.218525692118268333e-01 1.063666346000882168e-01
6.991587977673535681e-01 1.834311411963558403e-01 1.174100610362905778e-01
3.624935624866941763e-01 1.496292709121432862e-01 4.878771666011625929e-01
2.367178035477712494e-01 9.048033403298108568e-02 6.728018624192476649e-01
4.514894959967672428e-01 1.465126495383542171e-01 4.019978544648785679e-01
9.549914410982338620e-01 8.870641381256830216e-03 3.613791752050930089e-02
3.343675893593478499e-01 4.572052710197711534e-01 2.084271396208810523e-01
9.200724640964252909e-02 6.166848481461932874e-01 2.913079054441641835e-01
4.436390184451307062e-01 3.614853294386785598e-01 1.948756521161907618e-01
1.859754978235561851e-01 8.607274442937026815e-02 7.279517577470735468e-01
7.415497002877953214e-01 1.060147588823647652e-01 1.524355408298399273e-01
2.958508032704028068e-01 6.453984492765573178e-01 5.875074745303983381e-02
6.225906820747841852e-01 1.530458646318054727e-01 2.243634532934103420e-01
1.262402639246817948e-02 6.017712184407244536e-01 3.856047551668074225e-01
4.495345806534247202e-01 5.482126143234770238e-02 4.956441579142275566e-01
2.934905175340123407e-01 4.970326093312873450e-01 2.094768731347003698e-01
6.176594155243290973e-02 7.559101015216791730e-02 8.626430482953991730e-01
6.193456761583453485e-01 3.641905225742152474e-01 1.646380126743942837e-02
1.738752985833366127e-01 6.546872503183562841e-01 1.714374510983071032e-01
4.156625045247265837e-01 2.635068199827868551e-01 3.208306754924866167e-01
3.023717659321839557e-01 5.325851394856512266e-01 1.650430945821647621e-01
3.847628288211901171e-01 1.359292210629636233e-01 4.793079501158462596e-01
2.385261613504042755e-01 5.726168601839028982e-01 1.888569784656928541e-01
8.456920093415520867e-02 7.670231754174356223e-03 9.077605673116704299e-01
5.658764736997790035e-01 3.862350823176710635e-01 4.788844398254991919e-02
1.348695478666720460e-01 6.755351228649072448e-01 1.895953292684207370e-01
3.760924203851844783e-01 2.946482689884269424e-01 3.292593106263885794e-01
2.735823443148438505e-01 5.317913605673598720e-01 1.946262951177962774e-01
3.949290159744811013e-01 1.592870269896117796e-01 4.457839570359071191e-01
2.622565375509253727e-01 5.843891913323289167e-01 1.533542711167456829e-01
1.219129464884341346e-01 6.759390345146127493e-03 8.713276631664197414e-01
5.676561051410080605e-01 4.298822721815069303e-01 2.461622677484994002e-03
1.385206826211700104e-01 7.281164467606620061e-01 1.333628706181679280e-01
4.612053983756262410e-01 2.798526240482417382e-01 2.589419775761320208e-01
3.055721904236228248e-01 6.184797801805376194e-01 7.594802939583951418e-02
4.988910283569834014e-01 1.164368904149962469e-01 3.846720812280203239e-01
3.796640237056911893e-01 5.365008240710915643e-01 8.383515222321724636e-02
4.754207743050428703e-02 2.103944128938289027e-01 7.420635096756668103e-01
6.387903060188816484e-01 1.411176227626436963e-01 2.200920712184746830e-01
2.234445032311775936e-01 2.903330461179286920e-02 7.475221921570295303e-01
7.219092525845635100e-01 1.942567457111918638e-01 8.383400170424458453e-02
1.917411475512936780e-01 6.121365124382933676e-01 1.961223400104129544e-01
6.954972560816599092e-01 3.631354165101668974e-02 2.681892022673234011e-01
5.468379370882963109e-01 4.945801376152283296e-02 4.037040491501809325e-01
1.374191449412991428e-01 3.553477360136371166e-01 5.072331190450637406e-01
1.200118870101311574e-01 2.716527995966123155e-01 6.083353133932565271e-01
3.080042380027802063e-01 2.979429641490866087e-01 3.940527978481331850e-01
2.094603603042408391e-01 1.136665690386523819e-01 6.768730706571067790e-01
1.298539201244270913e-01 5.294744451574405764e-01 3.406716347181323323e-01
5.024747994461242762e-02 9.452823212762287985e-01 4.470198779158805064e-03
6.384384059063453742e-01 3.334492240401071284e-01 2.811237005354746271e-02
2.203616954686665741e-01 6.726024693347190109e-01 1.070358351966144289e-01
6.218528259222328991e-01 1.940180900015553989e-01 1.841290840762117020e-01
1.365400228170285946e-01 6.042774971890412239e-01 2.591824799939301260e-01
6.672920449183098457e-01 2.426818387992932605e-02 3.084397712017608595e-01
5.546489154905990260e-01 3.929665346364698969e-02 4.060544310457540051e-01
1.430476517314082652e-01 3.736293916147626626e-01 4.833229566538290722e-01
1.799271646940117098e-01 2.638115693595259881e-01 5.562612659464623022e-01
3.223455043056285274e-01 3.784218188012716255e-01 2.992326768930998471e-01
3.174396594268477645e-01 9.755899709936272091e-02 5.850013434737895146e-01
2.600803382078341608e-01 5.183321745579480000e-01 2.215874872342178115e-01
6.373294374408911001e-02 1.392854252526577463e-01 7.969816310032531437e-01
6.481009941755564441e-01 1.530171992324989572e-01 1.988818065919445710e-01
2.278642611127013606e-01 1.006243232968646040e-01 6.715114155904340354e-01
4.847156230329782711e-02 1.916827504201649435e-01 7.598456872765372294e-01
3.860789089967571197e-01 6.104835157848972349e-01 3.437575218345664905e-03
9.440445128867637203e-01 3.158122372030192776e-02 2.437426339293434843e-02
5.529652454153555219e-01 3.416505171715910616e-01 1.053842374130534859e-01
1.381595306226539588e-01 7.070191405394852247e-01 1.548213288378608721e-01
5.184997154081110171e-01 2.735346172581741286e-01 2.079656673337148542e-01
5.336374113569097855e-02 6.836748213340837488e-01 2.629614375302252727e-01
6.860290135195706851e-01 1.055378340724973524e-01 2.084331524079319209e-01
4.833643046817658329e-01 1.517591608811284798e-01 3.648765344371057151e-01
7.974234766922783102e-02 5.008536553738511810e-01 4.194039969569210435e-01
2.022252691520655676e-01 3.227843409835411959e-01 4.749903898643932920e-01
2.645171110201353648e-01 4.750167545086921295e-01 2.604661344711725612e-01
4.333187875150005253e-01 1.561207739989879106e-01 4.105604384860115363e-01
3.978234205112616273e-01 5.762297859399730937e-01 2.594679354876531716e-02
1.398608711764420809e-02 3.455914885138745007e-01 6.404224243684812912e-01
5.986854416922540167e-01 3.293963556777040891e-01 7.191820263004186642e-02
1.738492553900615190e-01 2.987696063610521535e-01 5.273811382488863275e-01
2.734335722767894938e-01 2.519637778188619781e-01 4.746026499043485836e-01
2.517622186613026614e-01 6.784534363275493973e-01 6.978434501114794131e-02
1.356502987421200346e-01 9.745838673282318509e-02 7.668913145250567664e-01
4.766175743655697294e-01 2.144483290482349647e-01 3.089340965861953614e-01
4.742322425849662682e-02 1.946352398013407037e-01 7.579415359401626695e-01
1.828696505592845023e-01 3.794449631580766313e-01 4.376853862826389219e-01
1.721037136523837496e-01 8.060241969910382220e-01 2.187208935657801792e-02
7.753749129265320450e-01 1.653056244038085820e-01 5.931946266965936604e-02
3.476460695085519248e-01 1.547280414437495200e-01 4.976258890476986108e-01
1.450669121121885285e-01 8.009186585857026863e-02 7.748412220292412167e-01
1.393841852045292207e-01 5.078692701430255196e-01 3.527465446524452597e-01
6.580813690304490593e-02 6.824933648535688735e-02 8.659425266115982067e-01
6.421962165083772156e-01 1.292669091607117071e-01 2.285368743309110773e-01
2.140654055027922387e-01 1.235002267745481525e-01 6.624343677226596228e-01
1.235002267745480276e-01 2.140654055027912395e-01 6.624343677226607330e-01
1.292669091607113740e-01 6.421962165083737739e-01 2.285368743309148243e-01
6.824933648536216091e-02 6.580813690303963237e-02 8.659425266115982067e-01
5.078692701430309597e-01 1.393841852045288043e-01 3.527465446524403192e-01
8.009186585857541729e-02 1.450669121121882510e-01 7.748412220292363317e-01
1.547280414437497420e-01 3.476460695085508146e-01 4.976258890476994989e-01
1.653056244038084710e-01 7.753749129265365969e-01 5.931946266965490433e-02
8.060241969910331150e-01 1.721037136523841105e-01 2.187208935658275025e-02
3.794449631580715243e-01 1.828696505592843080e-01 4.376853862826442509e-01
1.946352398013411478e-01 4.742322425850139384e-02 7.579415359401574515e-01
2.144483290482351312e-01 4.766175743655713393e-01 3.089340965861934740e-01
9.745838673282308795e-02 1.356502987421208117e-01 7.668913145250561003e-01
6.784534363275487312e-01 2.517622186613026614e-01 6.978434501114857968e-02
2.519637778188592026e-01 2.734335722767896049e-01 4.746026499043512481e-01
2.987696063610520980e-01 1.738492553900645721e-01 5.273811382488833299e-01
3.293963556777038670e-01 5.986854416922543498e-01 7.191820263004172764e-02
3.455914885138739456e-01 1.398608711764440411e-02 6.404224243684816242e-01
5.762297859399727606e-01 3.978234205112617938e-01 2.594679354876545246e-02
1.561207739989858290e-01 4.333187875150008583e-01 4.105604384860133682e-01
4.750167545086924070e-01 2.645171110201368636e-01 2.604661344711707294e-01
3.227843409835410848e-01 2.022252691520657897e-01 4.749903898643931255e-01
5.008536553738510699e-01 7.974234766922790041e-02 4.194039969569209880e-01
1.517591608811285631e-01 4.833643046817657773e-01 3.648765344371056041e-01
1.055378340724960617e-01 6.860290135195711292e-01 2.084331524079328646e-01
6.836748213340855251e-01 5.336374113568909811e-02 2.629614375302254392e-01
2.735346172581755164e-01 5.184997154081095738e-01 2.079656673337149375e-01
7.070191405394866679e-01 1.381595306226523212e-01 1.548213288378609831e-01
3.416505171715946698e-01 5.529652454153514141e-01 1.053842374130539300e-01
3.158122372030736091e-02 9.440445128867626101e-01 2.437426339293005673e-02
6.104835157849031191e-01 3.860789089967504029e-01 3.437575218346395223e-03
1.916827504201706334e-01 4.847156230329757731e-02 7.598456872765317893e-01
1.006243232968641044e-01 2.278642611126977524e-01 6.715114155904381432e-01
1.530171992324991237e-01 6.481009941755561110e-01 1.988818065919447375e-01
1.392854252526574688e-01 6.373294374408905449e-02 7.969816310032534767e-01
5.183321745579472228e-01 2.600803382078344383e-01 2.215874872342182555e-01
9.755899709936249886e-02 3.174396594268482086e-01 5.850013434737892926e-01
3.784218188012717921e-01 3.223455043056284719e-01 2.992326768930996805e-01
2.638115693595270983e-01 1.799271646940104885e-01 5.562612659464624132e-01
3.736293916147638283e-01 1.430476517314061002e-01 4.833229566538300714e-01
3.929665346364696887e-02 5.546489154905986929e-01 4.060544310457542827e-01
2.426818387993057158e-02 6.672920449183090685e-01 3.084397712017603044e-01
6.042774971890421121e-01 1.365400228170276231e-01 2.591824799939302926e-01
1.940180900015590071e-01 6.218528259222285692e-01 1.841290840762124792e-01
6.726024693347221195e-01 2.203616954686626883e-01 1.070358351966151644e-01
3.334492240401086827e-01 6.384384059063434869e-01 2.811237005354786170e-02
9.452823212762295757e-01 5.024747994461226108e-02 4.470198779158249085e-03
5.294744451574409094e-01 1.298539201244264252e-01 3.406716347181326099e-01
1.136665690386527150e-01 2.094603603042406170e-01 6.768730706571066680e-01
2.979429641490865532e-01 3.080042380027802618e-01 3.940527978481331295e-01
2.716527995966138143e-01 1.200118870101292007e-01 6.083353133932569712e-01
3.553477360136397811e-01 1.374191449412954791e-01 5.072331190450647398e-01
4.945801376152059170e-02 5.468379370882989754e-01 4.037040491501803774e-01
3.631354165101396969e-02 6.954972560816605753e-01 2.681892022673254550e-01
6.121365124382871503e-01 1.917411475513012831e-01 1.961223400104114833e-01
1.942567457111896712e-01 7.219092525845665076e-01 8.383400170424387676e-02
2.903330461179284838e-02 2.234445032311758450e-01 7.475221921570313066e-01
1.411176227626428359e-01 6.387903060188776516e-01 2.200920712184795680e-01
2.103944128938328717e-01 4.754207743049865265e-02 7.420635096756684757e-01
5.365008240710940068e-01 3.796640237056905232e-01 8.383515222321541449e-02
1.164368904149967743e-01 4.988910283569832349e-01 3.846720812280200463e-01
6.184797801805378414e-01 3.055721904236250452e-01 7.594802939583715495e-02
2.798526240482402949e-01 4.612053983756281283e-01 2.589419775761315767e-01
7.281164467606614510e-01 1.385206826211708986e-01 1.333628706181676504e-01
4.298822721815068748e-01 5.676561051410080605e-01 2.461622677485034334e-03
6.759390345146290557e-03 1.219129464884343012e-01 8.713276631664194083e-01
5.843891913323275844e-01 2.622565375509255947e-01 1.533542711167468486e-01
1.592870269896094482e-01 3.949290159744822115e-01 4.457839570359083958e-01
5.317913605673605382e-01 2.735823443148460710e-01 1.946262951177933631e-01
2.946482689884247219e-01 3.760924203851874759e-01 3.292593106263878022e-01
6.755351228649069117e-01 1.348695478666725456e-01 1.895953292684205149e-01
3.862350823176747827e-01 5.658764736997734524e-01 4.788844398255177881e-02
7.670231754185144468e-03 8.456920093414098394e-02 9.077605673116738716e-01
5.726168601839076722e-01 2.385261613504026101e-01 1.888569784656897732e-01
1.359292210629590714e-01 3.847628288211916714e-01 4.793079501158492572e-01
5.325851394856522258e-01 3.023717659321871198e-01 1.650430945821606543e-01
2.635068199827845792e-01 4.156625045247295258e-01 3.208306754924858395e-01
6.546872503183549519e-01 1.738752985833387221e-01 1.714374510983062705e-01
3.641905225742154695e-01 6.193456761583446823e-01 1.646380126743984124e-02
7.559101015216970754e-02 6.176594155243034234e-02 8.626430482953999501e-01
4.970326093312901761e-01 2.934905175340107308e-01 2.094768731346990653e-01
5.482126143235038773e-02 4.495345806534232769e-01 4.956441579142263909e-01
6.017712184407276732e-01 1.262402639246399186e-02 3.856047551668083662e-01
1.530458646318065830e-01 6.225906820747826309e-01 2.243634532934107861e-01
6.453984492765563186e-01 2.958508032704045276e-01 5.875074745303918849e-02
1.060147588823663334e-01 7.415497002878003174e-01 1.524355408298333214e-01
8.607274442936679870e-02 1.859754978235619860e-01 7.279517577470712153e-01
3.614853294386728422e-01 4.436390184451333152e-01 1.948756521161938704e-01
6.166848481461959519e-01 9.200724640964842715e-02 2.913079054441555793e-01
4.572052710197696546e-01 3.343675893593497928e-01 2.084271396208805527e-01
8.870641381262700520e-03 9.549914410982257573e-01 3.613791752051159073e-02
1.465126495383543004e-01 4.514894959967680199e-01 4.019978544648776797e-01
9.048033403297642274e-02 2.367178035477776887e-01 6.728018624192458885e-01
1.496292709121397890e-01 3.624935624866996720e-01 4.878771666011604835e-01
1.834311411963501781e-01 6.991587977673552334e-01 1.174100610362946162e-01
7.218525692118222814e-01 1.717807961880915002e-01 1.063666346000862045e-01
2.579941235539529587e-01 8.699846350686264718e-02 6.550074129391844080e-01
2.840905803077047320e-01 2.076481178964765251e-01 5.082613017958187429e-01
3.303865797738912979e-01 1.591777491273237422e-01 5.104356710987849599e-01
5.750803163215939540e-01 1.327812450132738187e-01 2.921384386651322274e-01
3.328311548747088233e-01 6.172745647596307172e-01 4.989428036566048719e-02
9.619677034695214846e-02 9.570677122016704730e-02 8.080964584328808042e-01
4.308210830500801558e-01 4.374728940319299042e-01 1.317060229179899122e-01
6.836409528346151232e-01 4.518575095042973860e-02 2.711732962149551729e-01
4.733925054417216227e-01 4.572049003443515724e-01 6.940259421392677708e-02
1.693493293471982630e-01 2.985592129853395851e-03 8.276650785229483498e-01
4.149237044471433267e-01 4.773341806683957245e-01 1.077421148844609489e-01
4.988415453986139170e-02 6.004729097809895499e-01 3.496429356791491139e-01
4.701790229731502846e-01 4.302604561944056716e-01 9.956052083244405770e-02
8.737010256403268671e-02 5.823342242024918264e-02 8.543964750157181376e-01
6.066591842615094432e-01 3.862865239064759426e-01 7.054291832014678368e-03
1.267654166757088419e-01 6.339210055442933145e-01 2.393135777799978159e-01
6.465406991600093356e-01 2.574837025858624506e-01 9.597559825412815826e-02
1.708731844392125110e-01 1.728714776710758017e-01 6.562553378897116874e-01
4.500219101205872319e-01 2.992399286939082526e-01 2.507381611855045156e-01
2.515146756845060283e-01 5.120560922428879502e-01 2.364292320726060492e-01
9.421201703891210477e-02 1.936686672075132176e-01 7.121193157535746776e-01
3.565552349727870718e-01 7.241576294098370226e-02 5.710290020862291982e-01
7.179346613496527807e-01 7.548919552298538616e-02 2.065761431273618332e-01
1.574965255268726549e-01 5.053923947027337826e-01 3.371110797703935624e-01
6.761569773398101724e-02 4.445711861165989598e-01 4.878131161494200230e-01
5.251604499523210290e-01 3.630802914097563394e-01 1.117592586379225900e-01
1.985345708176285973e-01 4.953605364563105906e-02 7.519293755367403298e-01
4.105720075713370498e-01 2.302120860729998109e-01 3.592159063556631393e-01
7.619124252594281499e-01 2.271648341035096552e-01 1.092274063706216713e-02
3.314540364503854031e-01 6.365144280949243116e-01 3.203153545469030611e-02
9.072849767585459135e-01 4.865941580814472922e-02 4.405560743330943357e-02
5.202753572138183458e-01 6.771352939364651616e-03 4.729532898468168933e-01
8.946043003062210952e-02 5.663350317146385871e-02 8.539060667979140318e-01
6.568086188221770039e-01 1.218794373184116653e-01 2.213119438594112753e-01
2.215102705607132627e-01 1.908705357406769165e-01 5.876191936986098208e-01
7.839510844164637726e-01 5.385011492366888891e-02 1.621988006598673038e-01
3.327569526414912437e-01 3.812866926354870345e-01 2.859563547230216662e-01
2.608050131532149707e-01 1.155643486882817483e-01 6.236306381585032810e-01
4.265756543348717122e-01 7.636085331426506473e-02 4.970634923508632230e-01
7.349619395634600094e-01 4.018164808510842068e-02 2.248564123514316115e-01
4.845433697001476636e-01 4.921123842304453433e-01 2.334424606940700350e-02
2.183833528921725886e-01 4.019929034586618285e-04 7.812146542043687525e-01
4.891953816038152603e-01 4.797053845292904573e-01 3.109923386689424432e-02
4.416507141602310504e-02 7.040088338774465049e-01 2.518260947065303901e-01
4.487379665141748575e-01 4.375247081460883480e-01 1.137373253397368361e-01
8.094904072417868912e-02 1.147948866348063590e-01 8.042560726410149519e-01
6.048904692096707114e-01 3.451365868203818410e-01 4.997294396994747534e-02
1.255464126138478020e-01 5.705365808557518736e-01 3.039170065304003243e-01
9.503057078780163813e-02 3.541559508741286555e-01 5.508134783380697064e-01
1.622626708065381951e-01 1.987566526320444782e-01 6.389806765614173267e-01
6.343591686378058370e-01 3.160653961657188260e-01 4.957543519647535091e-02
2.063942675708900776e-01 7.009233040331351861e-01 9.268242839597472249e-02
4.568024797675909743e-01 2.828238934997709397e-01 2.603736267326380860e-01
2.161936673246469542e-01 7.723517587849162425e-01 1.145457389043677554e-02
7.553116776275284883e-01 2.379611585370891014e-01 6.727163835382362657e-03
2.970532603428728269e-01 4.880031495015514365e-01 2.149435901555757367e-01
4.191591784790901776e-01 1.622905961947581077e-01 4.185502253261516592e-01
3.736539715448468635e-01 3.837981071080207029e-01 2.425479213471324058e-01
1.845983399984936213e-01 9.251602455942774250e-02 7.228856354420786223e-01
4.486767651628322806e-01 5.481749957394669304e-01 3.148239097700794662e-03
8.033671244200875083e-01 5.373861689011952270e-03 1.912590138909004978e-01
5.325102311638257868e-01 8.342639411186054954e-02 3.840633747243136775e-01
7.243046107038969561e-02 3.568618685062119877e-01 5.707076704233983167e-01
6.211927515315819326e-01 2.536264330926829569e-01 1.251808153757350828e-01
1.675401630061693625e-01 7.570284991835829480e-02 7.567569870754723427e-01
6.099730834886663011e-01 2.890026642932392864e-01 1.010242522180943708e-01
2.519950302049158708e-01 7.223937384189620392e-01 2.561123137612214204e-02
5.478617997034453957e-01 2.075662963779154324e-01 2.445719039186391719e-01
3.406740982423462349e-01 3.877079048170112285e-02 6.205551112759526422e-01
